ID,#1,#2,#3,#4,#5,#6,#7,#8,#9,#10,#11,#12
Cortexolone,0.0860164197907891,0.0833742283122875,0.0818788265329244,0.0859337260674247,0.0828264567030746,0.0845933160425268,0.0811081960758408,0.0830839874245212,0.0787293152906727,0.0807418243628709,0.08582935856351,0.0858843448335574
N6-Acetyl-N6-hydroxy-L-lysine,0.0856576321256563,0.0843086264229304,0.0813092110865473,0.0848058222974499,0.0831478973223264,0.0830142908254315,0.0812765544741165,0.0847314737858432,0.0818835996677959,0.0823107305304045,0.0853913127086018,0.0821628487528964
Sucrose,0.0853527591528581,0.0866270474848584,0.0804291621360609,0.084333047738964,0.0865396184494195,0.083668160687119,0.0834227084271644,0.0845648598479864,0.0790378696276503,0.0821276835835481,0.0835702980186926,0.0803267848456785
Oxoglutaric acid,0.0839316994587706,0.0877739742367408,0.0818370725104531,0.0820568435734168,0.0855742455913279,0.0801571656032005,0.0853069877330128,0.0864879824762887,0.0824096737143564,0.084081540122526,0.0818493911434778,0.0785334238364285
N-Acetylornithine,0.0831889107718051,0.0863659074629672,0.0801820922218967,0.0827546321495592,0.0859976078028622,0.0821127412350739,0.0844083325071278,0.0853188777867761,0.0846508047155912,0.084933650788454,0.081818334236472,0.0782681083214148
2-Keto-glutaramic acid,0.0846712496371852,0.0852449812385892,0.0838650316644685,0.0822105050104798,0.083909604712232,0.0814526120304247,0.0840396353240111,0.0845810718676332,0.0816785627998552,0.0825354898449168,0.0839321292392302,0.0818791266309741
N2-Succinyl-L-ornithine,0.0844788079389305,0.086044343808944,0.0794772610817276,0.0826611262747002,0.0859740455115601,0.0830415183784,0.0836830542532756,0.0849417939153705,0.0807861135070434,0.0855513713217861,0.0839748630271789,0.0793857009810831
Retinol,0.082642833521634,0.0880840723074365,0.0806186219877822,0.0819884971062211,0.0876204026441803,0.0805378182615689,0.0879225453627682,0.0855753044803847,0.0823808644454015,0.0847719635857933,0.0805496746064291,0.0773074016904001
N-Acetylaspartylglutamate,0.083582514747922,0.0865659109163733,0.0827988347180619,0.0816491512338606,0.0842286128774212,0.079811326971608,0.085226606017549,0.086314113170789,0.0852990903227761,0.0845024801161749,0.0817354359066309,0.0782859230008331
Imidazol-5-yl-pyruvate,0.0845711519201384,0.0837499134861906,0.0848652198426211,0.0832133933760059,0.0829012982629073,0.0824544647873003,0.0834746230265929,0.0837635333144538,0.0817044286502835,0.0828094095387305,0.0842251647062298,0.0822673990885461
"(3S,5S)-3,5-Diaminohexanoate",0.0847249880195924,0.0833412924587871,0.0908874983394278,0.0814872284752175,0.0816950713685091,0.0799825398087654,0.0829185286165016,0.0837994885535603,0.0812855641731147,0.0821614306847702,0.0845123335624556,0.0832040359392984
Glycocholic acid,0.084419007373856,0.0834515648087834,0.0852514852780121,0.0823360511390497,0.0821473618285841,0.080147845560082,0.0823123670407515,0.0846677510719284,0.0833972398991941,0.0840210481773319,0.084305516599129,0.0835427612232977
Hydroquinone,0.084159892541502,0.0833087134214577,0.0856797771963347,0.0827013586940435,0.0821618484450539,0.0809516200447554,0.0822115738479789,0.0840877560284182,0.0839922214101676,0.0827627085404916,0.0840725865818395,0.083909943247957
Methyl jasmonate,0.0838930120430166,0.0834022083843834,0.086006984038222,0.0821628572215388,0.0821906951742047,0.0801712418241845,0.0828580177506604,0.0844784131553178,0.0845674038679816,0.0842732879769694,0.0835601753610754,0.0824357032024453
Ureidopropionic acid,0.0842146378519379,0.0837339729028688,0.0870985616107666,0.0820225719020792,0.0822459520887543,0.080397503324993,0.0828739797138618,0.0843522629225537,0.0838947716466,0.0827465333675407,0.0837988876688373,0.0826203649992067
3-Dehydroshikimate,0.0845227072569723,0.0841710145750721,0.087871832937647,0.0817426918809816,0.0826473223499665,0.0807168687447162,0.0838852496232489,0.0840319364733754,0.081755902024816,0.0821820671574241,0.0839831228453368,0.0824892841304431
"4,5-Dihydroorotic acid",0.0842488388046742,0.0830380856357097,0.0849619090795758,0.0831547260690566,0.0820163756829562,0.0807501296195841,0.0818993104046752,0.0842514117738515,0.0836499298627903,0.0836863920019554,0.0842104745565759,0.0841324165085951
4-Pyridoxic acid,0.0844137406821696,0.0839626971267197,0.0864743270590019,0.0820657741260625,0.0825637950110557,0.0807826753569541,0.0831116610481768,0.0842061452769536,0.0827326226937553,0.0824460952711991,0.0840844312470502,0.0831560351009016
Phosphonoacetate,0.0841067213603258,0.0832503716206515,0.0854335166929817,0.0827517590530433,0.0821845105537366,0.0811074644913336,0.082197802775667,0.083991197222911,0.0839576869514885,0.0827745167313567,0.0841093438251908,0.0841351087213135
Choline,0.0841834323006386,0.0835140696102556,0.0847059628656976,0.0827146258936436,0.0823559434683755,0.0807127112648283,0.0821939248593255,0.084477902120433,0.0842535732009965,0.083352242780728,0.0840059282429643,0.0835296833921135
Aminoadipic acid,0.084294907705449,0.0853631651530418,0.0869929478565022,0.0811961876744243,0.0831742085857655,0.0799037552898162,0.0854822641253909,0.0849951879686191,0.0825735181813669,0.0830151508718422,0.082976403345517,0.080032303242265
Hippuric acid,0.0841351153743432,0.0830195222550334,0.0874392127131368,0.0821196555144069,0.0819002336591048,0.0809209009766613,0.0826711932143251,0.0835801427957258,0.0828386831637042,0.0826744583461073,0.0843950341221344,0.0843058478653166
Antibiotic JI-20A,0.0842112313633547,0.0834219844184197,0.0896753116080203,0.0816590000569832,0.0818781465179741,0.0800566422341082,0.0830550325464305,0.0840491904534394,0.0829484629126074,0.0826841380440481,0.083834915695705,0.0825259441489092
Acetylphosphate,0.0841901839150337,0.0833826282760457,0.0859550511364018,0.0825879881939832,0.0821420728914827,0.0807524351451921,0.0822657675908378,0.0842081037297118,0.084117915538637,0.0828076912021222,0.0840066104504119,0.0835835519301402
Phenylpyruvic acid,0.0842159098470301,0.0843052898877556,0.0869113829077861,0.0822558118838427,0.0829139016387398,0.0808379087417446,0.0838146703330985,0.0843273982908337,0.0827665451712341,0.0825055199788453,0.0833279072749736,0.081817754044116
13-L-Hydroperoxylinoleic acid,0.0842302245148079,0.0831913455863346,0.0885545974093142,0.0820414577430621,0.081928020447642,0.0806412537873592,0.0827922316574802,0.0836989073473788,0.0824871859201369,0.0824311040980136,0.0841668245865583,0.083836846901912
"(R) 2,3-Dihydroxy-3-methylvalerate",0.0843272985869434,0.0831435226770421,0.089241511701603,0.0816817096618017,0.0817419046702022,0.0803688567624702,0.0827565400718702,0.0836819414646253,0.0823590493423586,0.0823899534728137,0.0844424280330858,0.0838652835551837
2-Oxoarginine,0.0843507396965099,0.0838169822560908,0.089367495239697,0.0810360699126804,0.0819841863122738,0.079877861986557,0.0835843400896466,0.0841900406975214,0.0829788745898936,0.0826656973359274,0.0841355157039309,0.0820121961792711
L-Tyrosine,0.0844577245972098,0.0829791643742665,0.0852219152640915,0.0844281850453771,0.0821971892162241,0.0821414755873006,0.0818158879523817,0.0835898484097296,0.0819461019242334,0.0821300932288204,0.0841750817376707,0.0849173326626945
Stachyose,0.0843580218289888,0.0830196108780122,0.0849721060086787,0.0845159955749325,0.0822757502433215,0.0820377834673138,0.0818156714922523,0.0837015776404794,0.0822030708493291,0.0823251235100114,0.084008358611401,0.0847669298952793
3-Methylthiopropionic acid,0.0844456718530086,0.0831809071365446,0.0860121262200179,0.0815457840267693,0.0818771927072227,0.0809024756230803,0.0828502238188109,0.0837258752232586,0.0830999255761316,0.0831941762559092,0.0854511415276772,0.0837145000315693
Thymidine,0.0843216855369467,0.0831488680872777,0.0871881572240878,0.0830437139691429,0.0821982552406484,0.0815386090819346,0.0826748967513717,0.0835264569610574,0.0818683028477083,0.0822549089532044,0.084082982521016,0.084153162825604
17a-Estradiol,0.0845533999047443,0.0831366441678008,0.0898588412420652,0.0818989723421574,0.0817158681541377,0.0804002999076755,0.0826734319574754,0.0836430077212859,0.0816418028947522,0.0821560940466508,0.0844766737195346,0.0838449639417202
Prostaglandin F2a,0.0844251041195412,0.0830748861301436,0.0855365849727565,0.0821479253300498,0.0821594174053035,0.0820562273377054,0.0828032774306722,0.0831791646179531,0.0816316362223547,0.0822759664508152,0.0853880417917468,0.0853217681909578
L-Lactic acid,0.0845006362152858,0.0834153097757129,0.0906744895506483,0.0817515629360375,0.0817781697517394,0.0798422203924148,0.0830025907839848,0.0841348130280929,0.0820344593078654,0.0826942515515856,0.0838921374793058,0.0822793592273268
4-Hydroxycinnamic acid,0.0841734472030263,0.0833995291005775,0.0868168938387719,0.0827991156634649,0.0823588051253364,0.0808010701127675,0.0831060208195671,0.0841024932033328,0.0826346883431731,0.0834775444626696,0.0836337221469688,0.0826966699803441
1-Naphthylamine,0.0844512647847534,0.0833046016320906,0.0907693023553193,0.0816791400020887,0.0817041582741284,0.080005165463843,0.0828603837528711,0.083920624693733,0.0821372500063195,0.0823784411063748,0.0840737380871081,0.0827159298413701
Phenylethylamine,0.0844296075545578,0.0830154917433054,0.084954968443202,0.084653778950623,0.0822541758160278,0.0820367006495352,0.0817385417467113,0.0837122304913495,0.082067635793218,0.0822487955931172,0.0840434448317377,0.0848446283866151
12-Keto-leukotriene B4,0.0842606177508089,0.0833897341992964,0.0896617435661085,0.0818961500048342,0.0819176805008832,0.0801271475439422,0.0829948341164287,0.0840366870592175,0.0825855094313739,0.08267583729525,0.0837807999196105,0.0826732586122462
L-2-Hydroxyglutaric acid,0.0836684649146321,0.0840989784679461,0.0862952264484726,0.0816122464592788,0.082596468379361,0.0796818876632981,0.0842093675296653,0.0849617199286774,0.0847464493023289,0.0849466680119049,0.0827219836494656,0.0804605392449692
Lipoxin A4,0.0838367936221365,0.0838899026668697,0.087560073469176,0.0816307883695406,0.0823836337167361,0.0800155330701328,0.0837478806346803,0.0844917067275756,0.0843709922836734,0.0835185150918219,0.0831610862952694,0.0813930940523876
N-Formyl-L-methionine,0.0840397048545456,0.0834095738475768,0.0887350544482303,0.0816144249468298,0.0819341150887366,0.0800251180354645,0.0831341470541019,0.0841424813433735,0.0836399441195923,0.0831456984149821,0.0837441276483511,0.0824356101982155
N-Acetylserotonin,0.0853921008205718,0.0851151520648761,0.0807586115385106,0.0855841122608345,0.0845835657662592,0.085502088313135,0.0823179239878313,0.0841551865195276,0.0801430005992102,0.0817950623293643,0.0841439070150144,0.0805092887848651
Pipecolic acid,0.0850049293486003,0.0842884855349181,0.080077653481201,0.0874788361045166,0.0841007282136992,0.0844765335684141,0.0813751373692167,0.0845075522937068,0.0807571368453655,0.0830911740414075,0.0840160138942781,0.0808258193046762
L-Arginine,0.0848017238444878,0.0829143963580276,0.0837257423669916,0.0859824457928429,0.0822359748894271,0.0824222044067419,0.0812018416182681,0.0837021368022499,0.0812080745025685,0.0820723983997484,0.0843649269902595,0.0853681340283867
D-Fructose,0.0846348833637218,0.0846704327220003,0.080797277012878,0.0933810691351511,0.0848872982318756,0.0849799809422705,0.0818567441669016,0.0836030731832958,0.078572883552896,0.0807376202857121,0.0820233022751069,0.0798554351281903
Taurocholic acid,0.0845031324451171,0.0840395141516994,0.0817164030740819,0.0882989033549695,0.0835073107556551,0.0823440413309308,0.0816149631029034,0.0849776559140761,0.0820350165492656,0.0833529842410544,0.0828344164346956,0.0807756586455513
Linoleic acid,0.0844366386030927,0.0854956629484728,0.0825348465013279,0.0878105978234161,0.0853102974240885,0.0830447368299698,0.0836735187718163,0.084512516236354,0.0798863403646879,0.0819230544133526,0.081815981940704,0.0795558081427174
Norepinephrine,0.0848949802264317,0.0831229214920704,0.0849490019872442,0.0856453275164108,0.0823716332246157,0.0823801579502033,0.0816115589089653,0.0835887089774018,0.0806615579311407,0.0815939990813107,0.0840904865037122,0.0850896662004933
Sphinganine,0.0846583572034753,0.0845434174234559,0.0804408693703237,0.0861184419051376,0.0841647599411097,0.0822728693371385,0.0819996662119074,0.0854137738952489,0.0815937625526022,0.0854226401858097,0.0833153295320855,0.0800561124417057
Pyroglutamic acid,0.0853677442114644,0.0832433030070234,0.0831915349478649,0.0883927756639969,0.0825968091120342,0.0829364592655909,0.0810958830084542,0.0837085775216932,0.0798397660186585,0.0813590007654208,0.0840539373100178,0.0842142091677809
Phenylacetaldehyde,0.0847085297315066,0.0834186994024567,0.0839026503520876,0.0860924959224662,0.082549324809746,0.0817643507301251,0.0815374211608676,0.0844710348959218,0.0823124379842249,0.0826927591854275,0.0836176837457118,0.0829326120794583
Succinic acid semialdehyde,0.0842004298257237,0.0839493088610664,0.0805685559914349,0.0880180257340907,0.0841553471075137,0.0838681985181782,0.0817870701941889,0.0843811475878789,0.0812883420681926,0.0838646079766829,0.0830493242490629,0.0808696418859861
Pimelic acid,0.0846503784931371,0.0834155260375642,0.083100078247317,0.0857732487603177,0.0826387448297845,0.0815624171586309,0.0815765446249061,0.0846959801385057,0.0824699967790333,0.0836875615250578,0.0837464714668821,0.0826830519388636
gamma-Glutamylalanine,0.0837609212610142,0.0850473847372009,0.0800005244848972,0.0901148980080517,0.0861072583007054,0.0856648445759636,0.0821884865901268,0.0839976451108432,0.0800072416043632,0.0818046479229981,0.0817590536582111,0.0795470937456247
Stearidonic acid,0.0851652886597541,0.0834605613470567,0.0815159067569272,0.0892016794485306,0.0832156641013122,0.0847802161267839,0.0812843371426398,0.0835677575190527,0.079664171539679,0.0816873418905306,0.0840049208032935,0.0824521546644399
N-Acetylmannosamine,0.0838280252072899,0.0840671877778379,0.0821799810550987,0.0856522196139042,0.0836326385187597,0.0820043876491745,0.082244051015624,0.0848942967156435,0.0839932984062664,0.0839914303577527,0.0825828238369549,0.0809296598456937
5-Acetamidovalerate,0.0851874747909859,0.0831282678734212,0.0824361636189787,0.0875916148773301,0.0826791734460864,0.08385231132448,0.0812243110138123,0.0835196846740465,0.0800643648360836,0.0817856053875227,0.0845010024648781,0.0840300256923745
Dopamine,0.0851929802548636,0.0839134396158163,0.0841860116832989,0.0869125575517994,0.0829288896903488,0.0823427067554874,0.0817194233652941,0.0843228837423713,0.0809542730910353,0.0815582167165487,0.0834821298666747,0.0824864876664616
12-OPDA,0.0843742722291358,0.0843885871542937,0.0822016666721705,0.0878053808723044,0.0847691236700311,0.0840656945153045,0.0830622152882121,0.0838044022619313,0.0795732236657341,0.0821558227672953,0.0825417299237083,0.0812578809798788
cis-Aconitic acid,0.0836522580981748,0.0835195959912068,0.0792962734894617,0.102935858816302,0.083914191616383,0.0840947801714066,0.0804943655094227,0.0830125400306598,0.0781524692524099,0.0805331153262046,0.0813024142077748,0.0790921374905937
Phosphoserine,0.0850695707753662,0.0832463248060203,0.0829528784386068,0.0871940873824359,0.0824878699904373,0.0824523099069808,0.0811512825933455,0.0842021161170006,0.0813883526507392,0.0823983898869366,0.0841439319038745,0.0833128855482563
Pyridoxamine,0.083714998826503,0.0859569657574511,0.0815199132089905,0.0869994849351709,0.0861227886990393,0.0828048776744022,0.0839484988926685,0.084964364822737,0.0811409070832674,0.0827728356214299,0.0812928219859007,0.0787615424924393
Uric acid,0.0838193413614371,0.0837863902463518,0.0834052557783973,0.084826873903908,0.0832807718970506,0.081878259629841,0.082516343722098,0.0844798618481841,0.0837458769982549,0.0835767264504325,0.0828152349225836,0.0818690632414611
Uracil,0.0850017659716864,0.0840130386258879,0.0803458112404213,0.0852962859311627,0.0837150753733969,0.0834615744063896,0.0815567102815794,0.0845309523910598,0.0811571099624831,0.0841398768796421,0.0849154387866626,0.0818663601496282
"15-Deoxy-d-12,14-PGJ2",0.0846181353910221,0.0842845179596874,0.0820359189418901,0.0878179789143725,0.0845935622193895,0.0856877517983238,0.0825447640163306,0.0833039316092125,0.0790937101876394,0.0810314136433252,0.0829394933694644,0.0820488219493426
Alpha-D-Glucose,0.0849235926508677,0.083692429156029,0.0848436194865262,0.0862005087029356,0.0826949776491327,0.0816873087487983,0.0818428242924341,0.0844781133755946,0.0815546980972011,0.0821885793584715,0.0833762266382769,0.0825171218437322
19(S)-HETE,0.0850686549109739,0.0841577308415635,0.0841044858451804,0.0873759388478053,0.0832098852510764,0.081827440454726,0.0821752086468844,0.0847474459966199,0.0808668296489409,0.082310688662252,0.0829234258211079,0.0812322650728695
S-Glutathionyl-L-cysteine,0.0826423495830859,0.0876687192303469,0.0793091699209355,0.0838335610641982,0.0898341395448842,0.0815678092577406,0.0853417063929988,0.0855111709829682,0.0812094389282905,0.0853776175389481,0.0804432614642912,0.077261056091312
L-Carnitine,0.0836282228819961,0.0876328710195096,0.0807221794044857,0.0846716242244036,0.0876894327260464,0.0821668469264705,0.0846775674992149,0.0854436736389263,0.0810257008894802,0.0828756762879619,0.08120113320225,0.0782650712992547
L-Kynurenine,0.081988863071614,0.0859667658364488,0.0795597799911731,0.0830873954052092,0.090941184829878,0.084636945088524,0.0891375656071657,0.0831576483082241,0.0799811481255119,0.0835099559745423,0.0803716960928721,0.0776610516688369
Deoxycytidine,0.0831496593660233,0.0870329269709358,0.0791070687773272,0.083419537049034,0.0894662702463601,0.0857120058452448,0.0850587713417849,0.0839980743142148,0.0804362080159877,0.0829893107471431,0.0816353320373898,0.0779948352885544
Creatine,0.0818504520681465,0.0863212301855896,0.079408756090355,0.0823289438026022,0.0907769356105078,0.0838919438102314,0.0891098888012498,0.0834056474671654,0.0810596273490882,0.0839178650644122,0.0803935049774692,0.0775352047731827
Spermidine,0.0820007365920278,0.085260616969083,0.0796587841181601,0.0835483215231775,0.0894888802937975,0.0866226578496121,0.08737371397018,0.0829784392284405,0.0806799773551261,0.0834911949431433,0.0806814624177886,0.0782152147394633
Methyl beta-D-galactoside,0.0822095818961134,0.0851459187963263,0.079761875433582,0.084195556758173,0.0892923542317632,0.0875463177315106,0.0868342056004982,0.0828707257234162,0.0799623149422048,0.082991192643414,0.0807848164697256,0.0784051397732726
beta-Alanine,0.081928791977893,0.0870351329825009,0.0794615202469763,0.0820189157263795,0.090917907484846,0.0828876743073226,0.0897857202555167,0.0836945972367887,0.0809560803565054,0.0837634964484873,0.0802924920529415,0.0772576709238421
3-Methylindole,0.0817015797316701,0.086532995408167,0.0786889135257072,0.0824727879420176,0.0926240124243952,0.0833068709950415,0.0882850156021426,0.08361388726992,0.0806374132666436,0.0850955979019254,0.0800924621640222,0.0769484637683474
Betaine,0.0821792538651025,0.0866941919240328,0.0788551857849726,0.0824290487748365,0.0910719406997895,0.0846524405928538,0.086943463431043,0.0836570498802965,0.0810493707137637,0.0841138986804282,0.0808382369620493,0.0775159186908317
Cadaverine,0.0819670812127351,0.0854221368563859,0.0797235845110009,0.0829267132909991,0.0892863818293757,0.0856887155154595,0.0878865421250103,0.0831025024928864,0.0812359455550443,0.0837838939554948,0.080755064663781,0.0782214379918271
Thymine,0.0821105427654881,0.085524319610521,0.0796204594476366,0.0842065803294824,0.089677623892823,0.0864119485811621,0.0863029154314915,0.0832469736868808,0.0809066952033547,0.0832300647048412,0.0806165616200557,0.0781453147262628
L-Isoleucine,0.0820853691090054,0.0856393977802135,0.0788487065110912,0.0838371247503084,0.0904742911692835,0.0860820757218939,0.0856909508795835,0.0834402318520211,0.0809016820081318,0.0844459740609457,0.0807275321829625,0.0778266639745595
L-Glutamine,0.0823117333996092,0.0866834772327404,0.07912029209315,0.0827499387034813,0.0909196552819665,0.0845464330163352,0.086508248713045,0.0837320110670927,0.0809371073994431,0.0836972606362846,0.0809143742333738,0.0778794682234781
2-Aminobenzoic acid,0.0821225946433086,0.0852636906475089,0.0790510614753596,0.0852092407058307,0.0903889964922211,0.0889468181493936,0.08522048973696,0.0828946952913604,0.0797180917308521,0.0826414664188401,0.0805351308534404,0.0780077238549244
L-Leucine,0.0818982725154142,0.0856642788443637,0.0791769407554438,0.0829345290055656,0.0902382580207813,0.0852790445067509,0.0872061515857527,0.083310532561577,0.081315493017166,0.0844642182464635,0.0806453306871902,0.0778669502535311
L-Valine,0.0821613890747971,0.0854586603052285,0.0792922135143693,0.0842750149677063,0.0897994481331745,0.0873528432460046,0.0854948944825312,0.0831958309373668,0.0807786150679131,0.083147373989296,0.0807790747772786,0.078264641504334
O-Phosphoethanolamine,0.0825685346284167,0.0854804532936775,0.0800808116587425,0.0848512785758594,0.0889820351938371,0.0878772335934359,0.0858361104343652,0.0829917908956321,0.0797411597314155,0.0819836445463113,0.0809346363588148,0.0786723110894919
Sorbitol,0.0830850966068183,0.0858805990451944,0.0813552774475705,0.0843725193165651,0.0874765227455269,0.0850900087912366,0.0865984076052414,0.0835464621862504,0.0803203429127088,0.0821399349787451,0.0812735172698063,0.0788613110943362
Maleic acid,0.0824226050848733,0.0854856958399042,0.0792577824109374,0.0835215490532072,0.0891946145543309,0.0874967477441424,0.0852941183137774,0.0832159981902865,0.0807580164727506,0.0832582486679886,0.0813632313881875,0.078731392279614
myo-Inositol,0.0821221838543928,0.0851790514722409,0.0797696329034096,0.0829677475780056,0.0888294323540895,0.0865218363640085,0.0872486662955818,0.082979259289063,0.0809571750630423,0.0836308744286123,0.0810934365653808,0.0787007038321728
Palmitic acid,0.0839427602571563,0.0864502548401198,0.0791670020040527,0.0832923168892286,0.0880162077990205,0.0863841198648157,0.0842059404855978,0.0838826806413039,0.0797267115438698,0.0829528871673752,0.0829563192519627,0.0790227992554972
Dihydroxyacetone phosphate,0.0824359466889219,0.087349273097106,0.0797774412515957,0.0836322463079964,0.0905739104077816,0.0832225348308795,0.0869713682066213,0.0842235224628232,0.0808126697449754,0.0831584750377409,0.0803932039306672,0.077449408032891
Oleic acid,0.0830563919910339,0.0859891485183247,0.0794774911445664,0.0855201863024546,0.089849349394885,0.0862419881368263,0.0846001799589833,0.0835434770950222,0.0792309729882857,0.0824752058870982,0.0812586592097582,0.0787569493727615
Myristic acid,0.0818829711817762,0.0861166180316578,0.0795447910243979,0.0831425740893857,0.0905860273267794,0.083751555110736,0.0882514326728317,0.083592788417524,0.0810947239068702,0.0842562538852099,0.080246506627318,0.0775337577255132
Pseudouridine,0.0826912407405918,0.0855948376033485,0.0795925383814225,0.0828429442916,0.0888543732060664,0.0874272915561003,0.0872429487947461,0.0829298964073284,0.0796503739808565,0.0829968018885367,0.081605058721294,0.0785716944281089
L-Asparagine,0.0823399511919985,0.0862592917207727,0.0795839009598166,0.0834934740962091,0.0897971690185328,0.0855881217631996,0.0865854247859914,0.0835322442882311,0.0810392119055938,0.0830685834378423,0.0807986030218947,0.0779140238099173
5-Methylcytosine,0.0824110771026571,0.0851236081518644,0.0797837333932547,0.0836429879980232,0.0889250598782696,0.0879574658147003,0.0869138351928626,0.0827713640329754,0.0796584117031737,0.0828800893720825,0.0811822347470555,0.0787501326130811
Piperidine,0.0818907322999478,0.0856793665908391,0.0791524994603441,0.0829249557280689,0.0902417173322087,0.0852043632941853,0.0872199768353811,0.0833324925247529,0.0813516865986666,0.0845549166301911,0.0806293364175193,0.077817956287895
O-Acetylcarnitine,0.0821042062585353,0.0849116214054702,0.0798380783133798,0.0837583500768524,0.0884397746702479,0.087262916197864,0.0863439611265685,0.0829767504883428,0.0811366069680614,0.0835017034194449,0.0809771174705811,0.0787489136046519
Sphinganine 1-phosphate,0.0822175552673531,0.0856443398131575,0.0797911870372403,0.0835406286334592,0.0896454299942279,0.0852660867614352,0.0868902149181961,0.0833499608926009,0.0807687789759687,0.0835925930118715,0.0808339691631767,0.0784592555313129
Indoleacetaldehyde,0.0816986642744839,0.0866048280181709,0.0788139041477609,0.0826155775075088,0.092499530977744,0.0831496678121579,0.0881553424202881,0.083710360608324,0.0808359555753096,0.084916726893258,0.0800289437751621,0.0769704979898318
2-Dehydropantoate,0.0817456568338145,0.0873955301791692,0.0788792660184688,0.082065489816342,0.0913637394943128,0.0815028478849901,0.0887868551154459,0.0844221912108535,0.0812422144591907,0.0861299375044177,0.0798842917482578,0.076581979734737
Saccharopine,0.0829891771085744,0.0864658376181858,0.079537087509473,0.0850662623480512,0.0895205636488003,0.085835131999639,0.0844476109285797,0.083879023263302,0.0802400509944972,0.0823601975602499,0.0811908487767075,0.0784682082439401
Serotonin,0.0822079937061879,0.0851828490299635,0.0788416953685258,0.0847643170857661,0.0897666311113249,0.0890979076907151,0.0846368342852805,0.0830404694999361,0.0802102866199512,0.0831494972860921,0.080877185070329,0.0782243332459278
Histamine,0.0826263941230625,0.0877645449716037,0.0790599783975861,0.0818051305525177,0.0893083768884156,0.0812297008777647,0.0865348559724732,0.0852002283793931,0.0812499670984201,0.0868049576175419,0.0810067979352332,0.0774090671859881
"5,6-Dihydro-5-fluorouracil",0.0819469714496988,0.0853886869051363,0.0791987048123097,0.0833348994889516,0.090103180935688,0.0864718017789901,0.08693590532446,0.0830825422168091,0.0807992664005102,0.0840342629267949,0.0806960430102837,0.0780077347503674
Choline sulfate,0.082539388883084,0.0855787205224966,0.0799907884878093,0.0849335668080821,0.0893421004012876,0.0872341688837672,0.086532947439281,0.0830373219242584,0.0795032395190058,0.0823081410131296,0.0807603060126012,0.0782393101051973
N-a-Acetylcitrulline,0.0820771709738843,0.0857030328461235,0.0790462524792678,0.0839510151651267,0.0912784482218965,0.0861532810169201,0.0861153081363614,0.0832399132603716,0.080224137051103,0.083619331354956,0.0806067425203258,0.0779853669736633
Leucodopachrome,0.0833813327553238,0.0860219725675366,0.0793980716075506,0.0854535324708135,0.0888327911950414,0.0862932200801322,0.0837175037676254,0.0838226313678333,0.0796780140981153,0.0824788965141077,0.0817682023014392,0.0791538312744811
4-Oxoglutaramate,0.0820174363061829,0.0865321690698664,0.0791970090788997,0.0818895073415078,0.0894525761065593,0.0829315962073759,0.0876115319547667,0.0840306937042519,0.0824990897343849,0.0855205513810285,0.0807646576320884,0.0775531814830877
2-Deoxystreptamine,0.082509515757369,0.0856200457543686,0.0796012263585709,0.0856195810014926,0.0900161241289653,0.0880212246338577,0.0856725583467784,0.0829842972656033,0.0791913830375687,0.0820228603627516,0.0806317259145939,0.0781094574380799
2-Hydroxybutyric acid,0.0819129841463746,0.0854335666021443,0.0793154002486914,0.0831354190177841,0.0898824930013291,0.0858633605914978,0.0872780019358624,0.0831589649969598,0.0811265498125035,0.0842243839436221,0.0806725499707728,0.0779963257324583
N6-Acetyl-L-lysine,0.0836774162559253,0.0873796627961532,0.0790216294313269,0.0820585684478919,0.0878561625608526,0.0827636509263935,0.0853217506493713,0.0849496056729744,0.0807361905386346,0.0857735234919373,0.0825079720607686,0.0779538671677704
2-Amino-2-deoxy-D-gluconate,0.0821855088177864,0.0858730712829326,0.0794969656522109,0.0830058907913249,0.0901297571831129,0.0863735332393385,0.087161647049564,0.0831086179506579,0.080558926932566,0.0829911088804237,0.0808946179498938,0.0782203542701886
2-Oxo-4-methylthiobutanoic acid,0.083812035097544,0.0861072643767976,0.0793983134350864,0.0831888870719462,0.0879788176991652,0.0860382383815644,0.0845523382642333,0.083729028377796,0.0796105763495926,0.0831509051781266,0.0829568865265635,0.0794767092415841
Se-Methylselenocysteine,0.081965188042148,0.085400305170939,0.0792617266999432,0.0830463797762466,0.0899598913503271,0.0863478239243223,0.0871833881277424,0.0830554084284327,0.0808368412543991,0.0840168005722764,0.080797223365341,0.0781290232878821
Pantothenol,0.0825233234959853,0.0861870097547081,0.0802267755514006,0.0847384468940392,0.0882309330190603,0.0827661861881085,0.0857378656580923,0.0846401110699093,0.0819601684755586,0.0845878480981939,0.0805449316256907,0.0778564001692532
D-Glucose,0.0832272495059592,0.0859981218419158,0.0795763715026987,0.0846714626048155,0.0864712794060769,0.0821684546184082,0.0831154599175104,0.0857249462764886,0.0832991106296166,0.0857739872121453,0.0815605725680748,0.07841298391629
Dimethyl sulfone,0.0820749533346694,0.0865697960584399,0.0794059802267443,0.081720388586415,0.0891309461311291,0.0823541069979259,0.0879874200981893,0.0841484518129548,0.0823232013853526,0.085776087167808,0.0808123075030783,0.0776963606972935
Phenylacetic acid,0.082776159938924,0.0856143568402316,0.0798163545452066,0.0825015592588256,0.0885297503823027,0.0863176979844521,0.087545930154215,0.0830384149997894,0.0798221198530984,0.0832656088749619,0.0818454386588246,0.0789266085091681
N-Acetyl-D-glucosamine,0.0827431311332442,0.0858936701425707,0.0792459108735972,0.0878776066983835,0.0894428589705186,0.0858272720082246,0.0839057758667164,0.0838781480035751,0.0799305711391968,0.082738623991147,0.0806188278051827,0.0778976033676432
Guanosine,0.0821546780980049,0.0850167249161475,0.0791512007482507,0.0842814150986797,0.0894707010337027,0.0890537082795735,0.0857030739028245,0.082827666637634,0.0799875625808673,0.0832107129570314,0.0808667159090041,0.0782758398382797
1-Methylhistidine,0.0823806336599016,0.0860860679469589,0.0793421380043508,0.0836667633732434,0.0908347808106857,0.0848709621833448,0.0863773900110958,0.0835490681314977,0.0801177766817225,0.0837205090713921,0.0808508322660259,0.0782030778597806
2-Isopropylmalic acid,0.0824703158183356,0.0863569473044474,0.0795486722771851,0.0836890928586754,0.0895260867370983,0.0830849400181944,0.0874053491602937,0.0841602273400966,0.0804213684397875,0.0853110358000282,0.0805921456838973,0.0774338185619605
"9,10-Epoxyoctadecenoic acid",0.0831189500052745,0.0857455535371469,0.0807125546388401,0.0857275691914263,0.0880722543382779,0.0855104586384895,0.0860894064560184,0.0835238776424204,0.0795264955676239,0.0824146529354225,0.0810613461139697,0.07849688093509
Cytosine,0.0823388990685961,0.0847861371645872,0.0787386425715991,0.0854156386370731,0.0888398280050096,0.091829419335142,0.0839352708219309,0.0827458964803336,0.079481497864398,0.0825257858690934,0.0809987888385375,0.0783641953436994
1-Hexadecanol,0.0833161292771837,0.0850506686699243,0.0792026065554713,0.0859463921716207,0.0879802831952123,0.0886286614745187,0.0835499174671634,0.0832436861604223,0.0790780729621059,0.0826842120986522,0.0819623929063829,0.0793569770613424
Urocanic acid,0.0823931156839459,0.0847120594575345,0.0792751170366094,0.0852138080609207,0.0884974098420918,0.0920336989502767,0.0847845823964057,0.0825086919808609,0.0790715356471454,0.0820294816131449,0.0809576587963924,0.0785228405346718
Niacinamide,0.08230546691714,0.0847408560346266,0.0788821385863886,0.084520107901681,0.0886236209072958,0.094036538602371,0.08415084150711,0.0823784894183507,0.0790428886363116,0.0816615016020272,0.0810556714273383,0.0786018784593592
Protoporphyrinogen IX,0.0839835682565437,0.085386256551483,0.0792204018603057,0.0861237436793831,0.0869545140341206,0.0878366810540628,0.0830770318500878,0.0837455251876281,0.0794242249549661,0.082765855844277,0.0825014451708883,0.0789807515562538
Glycerophosphocholine,0.0823781141273079,0.0851016207759144,0.0788234527272575,0.0864507763894289,0.0894164677876084,0.0905244905866769,0.083824672406225,0.082930008503313,0.0794551796722792,0.0822009873519267,0.0807373785999172,0.0781568510721449
Acetaminophen,0.0840618877384642,0.0847149334322698,0.0798329836989919,0.0856929701223481,0.0861505851070711,0.0915170865838029,0.0829595873960314,0.0827241038203247,0.0783375432278453,0.0809599192105719,0.0827721803020851,0.0802762193601937
p-Aminobenzoic acid,0.0827390976880304,0.084970792238744,0.0792581038884118,0.0840761172540378,0.0881096404795192,0.0922826297785327,0.0848534288515755,0.0825443042665058,0.0789929613421797,0.0818991401885397,0.0815395872975576,0.0787341967263656
4-Guanidinobutanoic acid,0.0841961437916535,0.0843327075989816,0.0795940110308255,0.0869239761941373,0.0852196247760855,0.0908430747961254,0.0819456344715045,0.0830500707220819,0.0790948652557531,0.0813166962353466,0.0831113244448387,0.0803718706826663
Oxoadipic acid,0.0738659462812617,0.0750047696171498,0.0707236044117515,0.076658447047854,0.0771975351645148,0.192337012591926,0.0740486909292875,0.0734194968667012,0.0703799994756546,0.0725166509218486,0.0728694783717032,0.0709783683203471
Thromboxane B2,0.0835589490547503,0.0853415385881013,0.07963042612544,0.0851203495941612,0.0872960341534513,0.0875535029376728,0.0843751825879122,0.0835010047552652,0.0795549198573675,0.083069557547668,0.0821377482422576,0.0788607865559526
L-Methionine,0.082448622141758,0.0871014632615806,0.0813574372719583,0.0800363958338394,0.0852643477763093,0.0794104745046089,0.0929367486296864,0.0849809599844618,0.0826821390817581,0.0856974370250256,0.0808888903297549,0.0771950841592587
L-Lysine,0.0829467861797741,0.0869615350657435,0.0817527580148212,0.0798598763853621,0.0847681063487586,0.0794847879076633,0.0920383387422677,0.084976995133036,0.0823141958849942,0.0855875905165809,0.0816596334678636,0.077649396353135
1H-Indole-3-acetamide,0.0834739110300453,0.0853955500780868,0.0807288294276534,0.0826957177607799,0.0865719238719724,0.0845632503965402,0.0871066490320886,0.0835177418981655,0.0800738660392261,0.0839746484184877,0.0825475374547378,0.0793503745922164
L-Proline,0.0823746211487407,0.0862535400478077,0.0807316660386575,0.0804353409877069,0.0860379170807656,0.0810443863203477,0.0906181229828369,0.0841508358464324,0.0833332375937198,0.0854988045149468,0.0814791166352663,0.0780424108027716
L-Threonine,0.0830409146809798,0.0878322417686938,0.0816475651392988,0.080868345611933,0.0863845147943994,0.0805457794313952,0.0922517453735525,0.0845589979596694,0.0807722398029989,0.0832700068480981,0.0811801282962653,0.0776475202927157
1-Aminocyclopropanecarboxylic acid,0.0820964213910055,0.0862070230981866,0.0793030931613887,0.08144318866327,0.0891783764018627,0.0834120122610471,0.0903365183234683,0.0834254665804551,0.0809155364533366,0.0850977601324986,0.0809867094254943,0.0775978941079865
L-Pipecolic acid,0.0816012331703066,0.0867037416890117,0.0793460046126852,0.080251082040563,0.0881135535426466,0.0810537165839439,0.0972429645381632,0.0834008872326691,0.0807638282870403,0.0845557345926031,0.0802270991026268,0.0767401546077406
2-Phenylacetamide,0.0816763496341171,0.086348429845359,0.0792640952797191,0.0813002753374013,0.0897848070835279,0.0827790160313945,0.0926262364457558,0.0832935816966872,0.0809333796578659,0.0845823850379281,0.0803153293473857,0.0770961146028583
Acetylcholine,0.0817554456548815,0.0865312641694759,0.0795266332978729,0.0818763918423487,0.0906073284767223,0.0829022389944741,0.0916840253101012,0.0833559231873582,0.080559237546708,0.0838140274340679,0.0801625896344241,0.0772248944515651
"(9Z,12Z,15Z)-Octadecatrienoic acid",0.0839939853094445,0.0864002475830038,0.082683480614854,0.0842105158032682,0.0861994994911233,0.0823929809426568,0.0868025006902508,0.0844631049152752,0.0799131754498024,0.0826150164876846,0.0815871444936869,0.0787383482189495
2-Hydroxycinnamic acid,0.0817946176431778,0.0859315503013439,0.0795017148330149,0.0816199232236331,0.08928663556332,0.0831884896132112,0.0905355370022723,0.0833700588878447,0.0814651796955923,0.0850539285496009,0.0806065338660948,0.0776458308208941
Indolepyruvate,0.0815300028022242,0.0865591701676323,0.0791967906194984,0.0806372764065051,0.0888663502286042,0.0811640074723811,0.0963035514216441,0.0834353861928368,0.0804780229678066,0.0851404460534142,0.0800276792318241,0.0766613164356291
p-Octopamine,0.0824793922062449,0.0875838954154795,0.0803651683264721,0.0806183821602488,0.0867965958098406,0.0805770034784649,0.0896567913412756,0.0848971023072988,0.083208080518616,0.0852641520340973,0.0810901166928649,0.0774633197090965
Indole-3-acetaldehyde oxime,0.0840685390569114,0.0851520563518665,0.0819104285443509,0.0811898372172692,0.0843434367689423,0.0817643041230353,0.0864106658456718,0.0842127985868035,0.0815783765735082,0.0853025459956157,0.0840364010822857,0.0800306098537394
"1,1-Dimethylbiguanide",0.0820096623791802,0.0865996098839742,0.080537455107126,0.0799709916388335,0.0856554381940217,0.0796644561515877,0.0933127857164825,0.0845615870999271,0.0831073907862516,0.0868689658757001,0.0806673512924704,0.0770443058744449
D-Phenyllactic acid,0.050000056657154,0.053469467322183,0.0486833322593619,0.049020405089935,0.0536494815279456,0.0490455506124831,0.448616956303553,0.0512263261438157,0.0490379498390747,0.0515847223248127,0.0489399924995782,0.046725759420103
Phenol,0.0831130408493767,0.0859711514123671,0.0808356104093686,0.0817701561155659,0.0861151011517911,0.0816549163286568,0.0887885847466987,0.0843904240441371,0.0811500133001283,0.0862718335667789,0.0817822172897279,0.0781569507854028
1-Pyrroline-2-carboxylic acid,0.0836422028802317,0.0866350909283475,0.0823991183179932,0.0820861399772888,0.0862091169161795,0.0824755977100295,0.0879073355922424,0.0840924708520823,0.080779247026614,0.0824095676319457,0.0821240086471735,0.0792401035198718
"3,4-Dihydroxymandelic acid",0.0827831042807053,0.0882552118120274,0.0805074719587451,0.0816442012327188,0.0882969596204603,0.0815189798858843,0.089206875784006,0.0846495068866051,0.0812751184994808,0.0833765158054953,0.0809210453994541,0.0775650088344174
Gentamicin C1a,0.0823029748508761,0.0862092492529143,0.0804199895811779,0.082188226637389,0.0883822123837788,0.0825230230614684,0.0890382732318611,0.0839009994656968,0.0814463957037143,0.0844743721191015,0.0808791432820801,0.0782351404299418
Taurine,0.081706875264389,0.0862671238048096,0.0797607115812842,0.0816923120789216,0.0887877631602594,0.0819970624384159,0.0909745364981127,0.0838209412480305,0.0821650580250318,0.0854253279328845,0.0802007769842039,0.0772015109836569
Kynurenic acid,0.082631994072679,0.0856113250587501,0.080646373749507,0.0813636692546472,0.0867267019753183,0.0829027133411772,0.0884344315630803,0.083662103459185,0.082038203548149,0.0847939108064592,0.0820104449160132,0.0791781282550347
Salicylic acid,0.0821485002024053,0.0873288994807639,0.0795946617015837,0.0810444200675361,0.0889528520740458,0.0816565927808448,0.0958759852011247,0.0834688619408854,0.0794509521828948,0.0833772626824775,0.0803384900462511,0.0767625216391869
L-Phenylalanine,0.0823075158058195,0.0873951686181467,0.0804059442340011,0.0815445388464546,0.0876250789602686,0.0805759435107045,0.0889541706831318,0.0850955415295555,0.0826315185476579,0.0855961117312593,0.0805120672801512,0.0773564002528493
Glucosamine 6-phosphate,0.0827081270282586,0.0863946694824906,0.0813896964235359,0.0831333706607504,0.0874997404085897,0.0821168038317315,0.0878851480534742,0.0843907080080439,0.0815098230701,0.083806442902969,0.0808440308498695,0.0783214392801867
D-Octopine,0.0825814969466502,0.0870874447526957,0.0808315581199608,0.0829915546499976,0.0887347083274864,0.0822608663078378,0.0897288720269279,0.08413998740035,0.0804253600215259,0.0832113182762299,0.0804537958507622,0.0775530373195755
Glutathione,0.084316366930761,0.0870987757810933,0.0805942786014608,0.0841049977155058,0.0858479203765342,0.0803018012918236,0.0835505026588689,0.087247103731065,0.0810737384531392,0.0856463524319409,0.0817869620339274,0.07843119999388
Ketoleucine,0.0843569731017447,0.0832810821517326,0.0845462388452853,0.0841010291274904,0.0823110232770471,0.0809437113995666,0.0818824764725137,0.0845487202121434,0.0834007514683176,0.0836617121041557,0.0837543452515676,0.0832119365884354
