ID,#1,#2,#3,#4,#5,#6,#7,#8,#9,#10,#11,#12
Cytosine,0.350888146978234,0.0312912982399286,0.173435786121654,0.0470871124312046,0.0292831281573118,0.0104921002732641,0.0252925247905429,0.0246241169795162,0.0537365287731008,0.0514817410201311,0.0179702488488452,0.184417267386267
L-Kynurenine,0.349146397872521,0.0197552219901278,0.253277652422843,0.0285282933101922,0.018932226780546,0.00602795491938073,0.0171836588446333,0.016894492984056,0.0330166074177948,0.0328926206675125,0.00888733767367506,0.215457535116717
Creatine,0.33094231205731,0.0169411082213256,0.291697759683097,0.0252625437575921,0.0162382382864122,0.00519722069031456,0.0147279741262434,0.01448023106118,0.029629265585989,0.029877722309259,0.00803322662871375,0.216972397592564
Spermidine,0.457094901427014,0.0210207689789353,0.185979067955351,0.0296316079292592,0.0201431423369864,0.00726528749029429,0.0183104392779976,0.0180071121123897,0.0337548336417987,0.0334643168783404,0.0111414200488981,0.164187101922736
Methyl beta-D-galactoside,0.38450230587823,0.0269403086680008,0.191395979632268,0.0372825246373326,0.0257810097919306,0.00933948896106571,0.023377526044675,0.0229751663153747,0.0420660579913897,0.0413165701843545,0.0138290053646127,0.181194056530765
3-Methylindole,0.336009336921958,0.0127649224371117,0.30376272902325,0.0206164595182285,0.0120700761918491,0.003440241079122,0.0106150090489921,0.010375326186194,0.0249368931851195,0.0249974121279713,0.0057478022663206,0.234663792013882
Betaine,0.305688229074124,0.0178442992442103,0.270461371690781,0.0291088171426226,0.0168267250522612,0.00516673739577786,0.0147481135806322,0.0144075295044188,0.03497213848381,0.0346269968083402,0.00931397516569175,0.246835066857329
Cadaverine,0.41436104093713,0.0219148265190854,0.207630434353235,0.0310678970624058,0.0210553914883607,0.00773107723693922,0.0192443089352978,0.0189473843291294,0.0355313577156737,0.0354941597822124,0.0118575323387888,0.175164589301741
Thymine,0.41055228568535,0.023497674801482,0.196506706841718,0.0335919580433771,0.0224415468995876,0.00760388848013113,0.0202018679605021,0.0198253608517774,0.0383951539217794,0.0381132687754479,0.0118436571544771,0.17742663058437
L-Isoleucine,0.452048080400839,0.0191762242660068,0.18636727161064,0.0301422631530091,0.0180342504271196,0.00585035313208687,0.0157035661241612,0.015316773739522,0.0355057550413874,0.0349255990606577,0.0101845523569491,0.176745310687621
L-Glutamine,0.287951385958834,0.0213110437173557,0.267641844746491,0.0333666885969127,0.0201857076522063,0.00666424459128316,0.0178171317655418,0.0174220650696856,0.0394611965330042,0.0393123418302912,0.0105806592735387,0.238285690264856
2-Aminobenzoic acid,0.488007410376467,0.0199888994431649,0.164474264437224,0.0293355771313261,0.0188876245354706,0.00638249443870637,0.0166301548127881,0.0162499200098536,0.0336085224363048,0.0327234084767858,0.0101080610931441,0.163603662808764
L-Leucine,0.483426399438897,0.0163734613953984,0.196285939815531,0.0246813207108978,0.0155761843936632,0.00534582944853391,0.0139076410049456,0.0136312850646519,0.028828295365671,0.0287505856583799,0.00871615922997785,0.164476898473452
1-Hexadecanol,0.214347537236658,0.0472358227532653,0.169316242720348,0.0700869738251501,0.0439860198905499,0.0167942615315754,0.0375107284203729,0.0364136448794464,0.0788379003386712,0.074818576895276,0.0252423690776292,0.185409922431058
L-Valine,0.44222637279573,0.0220664193114824,0.182700212666391,0.0323257074909072,0.0209438592290633,0.00747640564796022,0.0185984355398668,0.0182031042632512,0.0370801090580158,0.0365647993094672,0.0117937246750486,0.170020850012816
Urocanic acid,0.320841813654133,0.0344969796082213,0.179603152937352,0.0486747036246892,0.0326291405803424,0.0119191490639612,0.028881817029083,0.0282485711558012,0.0545681850677854,0.0524055383778885,0.018858988624957,0.188871960275786
O-Phosphoethanolamine,0.290245045912581,0.0347363486251425,0.202661349047942,0.0468759146649916,0.0333154327125113,0.0120127170435792,0.030313352947396,0.0298010601494359,0.0522826751380094,0.0512332331251216,0.0168223923852472,0.199700478248042
Maleic acid,0.35100703945201,0.0275998965913974,0.198712255742556,0.0409198410899753,0.0261401102579543,0.0104316980683302,0.0231253068387242,0.0226180193376684,0.046903267870641,0.04604285428117,0.0162595495377247,0.190240160931849
myo-Inositol,0.386896230155993,0.0258326108621219,0.199281726520692,0.0360316058660765,0.0248092498170968,0.0102941338476007,0.0226662566645161,0.0223116024867701,0.0408046712043423,0.0405331344329726,0.0148989543193146,0.175639823822504
Oleic acid,0.233898434754641,0.0386296267433637,0.203041499001211,0.0561700540028047,0.0363957436176653,0.0128259359178582,0.0316891907042515,0.0308770235615503,0.0638064477485623,0.0619782265147753,0.016948236991865,0.213739580441452
Myristic acid,0.328593115857877,0.02107612738567,0.263310921130091,0.0310427182561484,0.0201856597452581,0.00609349198727581,0.0182385140771992,0.0179139228863134,0.0362692972340218,0.0366414853914438,0.00930108066327089,0.21133366538543
Pseudouridine,0.270991464088508,0.0316702101906929,0.214216699065455,0.0465017415528151,0.0300909176258192,0.0109338155467277,0.0269548073553912,0.026440082143516,0.0531898830184683,0.0515283495620507,0.018224954760908,0.219257075089648
Niacinamide,0.339274465578456,0.0314876679829475,0.181657925406441,0.0453600272509527,0.0297124977387007,0.0119578019623309,0.0261421186879002,0.0255381393442068,0.0510830851038626,0.0490857890660861,0.018342564812069,0.190357917066046
L-Asparagine,0.29982642019132,0.0256175599770176,0.237167721065292,0.0384631632726529,0.0243820173874369,0.00749293507173285,0.0218030602999405,0.0213756213819461,0.0447126408788918,0.0443115754738794,0.0128564749049151,0.221990810094975
5-Methylcytosine,0.33171365972335,0.0305917735077,0.198501842977808,0.0422988194792156,0.0292616858710747,0.0115687545709684,0.0265424966042531,0.0260883437469207,0.0475648479217513,0.046466683129709,0.016608281752205,0.192792810715045
Piperidine,0.477661190772496,0.0164739650188992,0.198363106388115,0.0249665161749833,0.0156614673624499,0.00529536264619554,0.013964528983985,0.0136838070488266,0.0292207904306569,0.0291379390581965,0.00875863444541559,0.166812691669781
O-Acetylcarnitine,0.392057235653885,0.0285537021454089,0.182379861531709,0.0392478344673948,0.027398171602499,0.0110643991812417,0.0249704926185772,0.0245642331221234,0.0441226858555882,0.0437408042507796,0.0165176741437236,0.16538290542707
Sphinganine 1-phosphate,0.339994636773468,0.0270551010174931,0.220239295063275,0.0379605660132781,0.0259543907184044,0.00976328001511974,0.0235544096770593,0.0231471275217224,0.0432270435128546,0.0432137036315887,0.0132259859529461,0.192664460102791
Glycerophosphocholine,0.345809645194555,0.030854848178282,0.178528590957099,0.0463508387257111,0.028878115045521,0.00958909416753258,0.0249018980907606,0.0242324353110724,0.0529740952205289,0.0508920909810904,0.0159732602293196,0.191015087898528
Indoleacetaldehyde,0.321013626690949,0.0134734230519109,0.313915182436154,0.0215096019744397,0.0127685913504986,0.00360840902770862,0.0112706621714781,0.0110227487427786,0.0259382011207053,0.0261404863880964,0.00589760797431371,0.233441459070968
Saccharopine,0.224301484257514,0.0373644516540242,0.211147238642972,0.0561946922800211,0.0352167828903987,0.0112189839029488,0.0306823776725565,0.0299072798369153,0.0646056901736394,0.0632798363437912,0.0171080101080696,0.218973172237149
Serotonin,0.445998063644574,0.0229266053941695,0.168700326301575,0.0347976503119398,0.0215411592965621,0.00764683063057832,0.0187375541769044,0.0182681146904476,0.0401346334481208,0.0389896008483797,0.0128440339754337,0.169415427281315
"5,6-Dihydro-5-fluorouracil",0.541257006522583,0.0156724345251383,0.165301393155049,0.0232451176962011,0.0148997491762019,0.00525019970607027,0.013303628272885,0.0130390087870455,0.0269124500757166,0.0266133093831849,0.00853803675437899,0.145967665945545
p-Aminobenzoic acid,0.266182345404361,0.0374475709345253,0.187137332572289,0.0543690327876465,0.0353219739041517,0.0131572252853423,0.0311471164290159,0.030449903058443,0.0612622669446417,0.0583903856808219,0.0223279114442714,0.202806935554491
Choline sulfate,0.285502869016631,0.0334049903019451,0.207296461175483,0.0462659342886036,0.0319211543718787,0.010056217178886,0.0288493753718539,0.0283324040302206,0.0521468516355562,0.0508682039790232,0.0153883249531974,0.209967213696722
N-a-Acetylcitrulline,0.500453377860251,0.0163505066023907,0.181930493888491,0.0244426249988197,0.0154874745365909,0.00541056315393487,0.0136780117785414,0.0133731670819677,0.0283725154144484,0.0280258202962305,0.00804721946302331,0.164428224925311
Leucodopachrome,0.203734238278174,0.0443854390110046,0.187810781127567,0.0665395436402295,0.0415373874247648,0.0151942871055163,0.035622309111735,0.0346081677760501,0.0756561987282326,0.0731752606989355,0.0211389480171836,0.200597439080608
2-Deoxystreptamine,0.310050966010147,0.0305407548508825,0.204213810167472,0.0432245537142507,0.0290048989781247,0.00911865619969354,0.0258283887557644,0.0252891209008972,0.048953703257405,0.0475083440486297,0.0138076926637101,0.212459110453023
2-Hydroxybutyric acid,0.499260174338352,0.0172430978322608,0.182239446130641,0.0254275221250384,0.0164360959456689,0.00576384557848694,0.0147543468826274,0.0144761059266177,0.0294354304894055,0.0292651967349783,0.00933120534092825,0.156367532674995
2-Amino-2-deoxy-D-gluconate,0.395815780392868,0.0201179617096019,0.221846172052287,0.0292238541649574,0.0192311636186966,0.00704676811901026,0.0173773450051892,0.0170699352804088,0.0336036721957287,0.0332947069195769,0.0106912735780856,0.194681366963589
Se-Methylselenocysteine,0.514410317026684,0.0166095588702524,0.176254947033722,0.0244460846892187,0.0158228002789736,0.00581931578101279,0.0141925361552815,0.0139225172833685,0.0282349872550025,0.027970537882173,0.00920780315229373,0.153108594592018
Phenylacetic acid,0.246717364035212,0.0346703653650542,0.216439525028373,0.0498673704655317,0.0330862724978048,0.0131715749383109,0.0298858469170036,0.0293578124446668,0.0567123212750971,0.0553494857707929,0.0199085353376913,0.214833525924461
N-Acetyl-D-glucosamine,0.233316718230615,0.0400408407116199,0.190979511427516,0.0617320216530455,0.0373549758882035,0.00993864199485491,0.0318350581513309,0.0309028102891881,0.0714471070811859,0.0692582251882615,0.0167326237222111,0.206461465661968
Guanosine,0.449549988046378,0.0230034530265776,0.169918048027404,0.0336678715495336,0.0217672278584075,0.00785176893994872,0.0192649477136163,0.0188469404919218,0.0384825445780816,0.037444803464554,0.0128864213815872,0.16731598492199
1-Methylhistidine,0.307046887403177,0.0257945037303687,0.235454382391092,0.0382158976474499,0.0244906228097336,0.00857951308681947,0.021698531398067,0.0212235798829669,0.0442727987084343,0.043935030393409,0.0118536154721119,0.21743463707637
Oxoadipic acid,0.226247767304338,0.050035784207557,0.157609666959423,0.0687031046578683,0.0470751328454537,0.0203722580599046,0.0411996338133483,0.0401911636792826,0.0750683390957781,0.0711256258877363,0.0323548329162985,0.170016690573011
L-Arginine,0.0459425210995181,0.113446795071568,0.0493461229493998,0.0950047039968001,0.110755313153835,0.0682486116216282,0.102442951465484,0.100291646282379,0.0875155384448191,0.0844201850311685,0.0905640814348567,0.052021529448543
Pyroglutamic acid,0.0507541783578167,0.120084933511526,0.0551814005711373,0.104872238093114,0.114818439437253,0.0473094342684595,0.101330110345824,0.0983259260924556,0.0969628833869679,0.0916684545837801,0.0594531602129272,0.0592388411387391
Phenylacetaldehyde,0.0455127299879091,0.121358336265241,0.0507322827144599,0.104244242369317,0.118774432036462,0.0369358001313056,0.109184815145647,0.106717195879117,0.0967027105770503,0.0950461912073375,0.0615329391426759,0.0532583245434776
Homovanillic acid,0.0449595157754964,0.104948990305444,0.0550980197580951,0.0995898269954616,0.102989200276681,0.0841673371747444,0.0975897840959736,0.0962143772242212,0.0942844683336533,0.0902238952982512,0.07105829486453,0.0588762898974481
Pimelic acid,0.0487181211947534,0.116982233029962,0.0540651338613898,0.111983372715567,0.112061943208137,0.0349384117436344,0.0983509264973473,0.0954053369851341,0.105807170393853,0.103925549922644,0.060986842487343,0.0567749579602359
5-Acetamidovalerate,0.0584266632481276,0.107960068030748,0.0610719585738676,0.107951115692721,0.101557278354568,0.0424480915221423,0.0877802100862739,0.0850737286840437,0.102298189325905,0.0955245299480618,0.0840702462222934,0.0658379203112474
Dopamine,0.048821469013797,0.120986749363394,0.0558922429573056,0.10444239373294,0.118796700604487,0.0322186394946338,0.110720126213452,0.10855516478899,0.0974458519335503,0.0944493174656826,0.0482389595680293,0.059432384863737
Phosphoserine,0.0482134561050761,0.117886772820295,0.0522772877757652,0.111470280238734,0.111369310072075,0.0352171381815531,0.0957711456119106,0.0925790191042531,0.103571886592658,0.0986468382852604,0.0772198300568065,0.0557770351556125
Selenomethionine,0.0359021245859367,0.129145158686039,0.0427448848799714,0.111812085689512,0.126056268708726,0.0315793123643596,0.112541308821705,0.109174045850742,0.102619536319127,0.103383098409581,0.050305619721134,0.0447365559631663
Uric acid,0.0648476853579558,0.103104935205325,0.071168449554801,0.100357598650727,0.102284053317711,0.0397981239105753,0.0979418074948302,0.0967954021765649,0.0986464560430538,0.0999213005124237,0.0526035336442347,0.072530654131798
19(S)-HETE,0.0485710125088932,0.122926266337762,0.056805957448614,0.110176892623202,0.119871113287496,0.0226825606998474,0.109506450106769,0.10698014843676,0.10411175681008,0.101366980190795,0.0364560467430766,0.0605448148067057
S-Glutathionyl-L-cysteine,0.149459409585153,0.0392861529796656,0.230074211399432,0.0663950394496973,0.0368200614957814,0.00846361984624992,0.0314129832944047,0.0304993418235345,0.0815657025279608,0.0834432964833924,0.01346800045455,0.229112180660178
L-Methionine,0.0935470861242392,0.0590804365732637,0.175857506795096,0.0874905480081055,0.0580911756831625,0.0124749619126854,0.0555095524186397,0.0551628092517927,0.103367217542303,0.110404037798792,0.02115821891369,0.167856448978231
beta-Alanine,0.213695253019285,0.0186739441059384,0.348912641150148,0.0284035921440251,0.0179095400306407,0.00522025310804644,0.0162407612132925,0.0159672699501634,0.0336875106974564,0.0341928542909222,0.00812349024710523,0.258972890042977
L-Lysine,0.0861937756742182,0.0639783804323141,0.154652054769189,0.0943988676772099,0.0628814038291269,0.0140232619396535,0.0602046562638309,0.0598602659223064,0.110373239419926,0.116422042727087,0.024574091207829,0.152437960137309
L-Proline,0.132427137892784,0.0495043025436894,0.2069696422142,0.0722885917248659,0.048233201842139,0.014672245212832,0.0453945053748231,0.0449747447194579,0.0839508105356073,0.0869805829471959,0.0248261608532134,0.189778074139192
L-Threonine,0.102549964353346,0.0551954215879818,0.196641188922299,0.078398983760794,0.0542131687435257,0.0124422202978334,0.0518608931211137,0.0515391763620232,0.0907903883955545,0.093869954538379,0.0194019917850641,0.193096648132085
Dihydroxyacetone phosphate,0.195969486966054,0.0287320382292498,0.277082485984949,0.0437398815210893,0.0274038721966067,0.00706950766440899,0.02446749136533,0.0239719389552043,0.0516300861079373,0.0520875529667677,0.0111719288294459,0.256673729212957
1-Aminocyclopropanecarboxylic acid,0.231260793129962,0.0258523380410413,0.272180117142581,0.040367439519569,0.0246286506648217,0.00774706484050309,0.0221203708964559,0.0217164407415815,0.0479015784219729,0.0477571676003583,0.013628961159778,0.244839077841376
L-Pipecolic acid,0.150950215874432,0.0292336984201989,0.30504664366418,0.0453031114544721,0.028161198807524,0.00778028387009891,0.0258573164666064,0.0254971899340063,0.0542442392354691,0.055430901949473,0.0130288351615205,0.259466365162019
2-Phenylacetamide,0.230220257308131,0.0200707137906704,0.323591347486309,0.0308257329265155,0.0192374576601352,0.00570285433093606,0.0174883299153852,0.0172095234414426,0.0366452824367651,0.0369832911595264,0.00963244529906467,0.252392764245119
Acetylcholine,0.235260051599019,0.0189690325892245,0.338129390914339,0.028041492079892,0.0182646807421743,0.00546914501231225,0.0167333200600043,0.0164857266334777,0.0329554200114405,0.0333929559810906,0.00826917358195398,0.248029610795072
2-Hydroxycinnamic acid,0.271592484798153,0.0237274947785799,0.280566957386129,0.0352832563291792,0.0227964988836886,0.00758837595309542,0.020808188622691,0.0204871672758343,0.0413345468588718,0.0418339753698439,0.0119490896811779,0.222031964062757
2-Dehydropantoate,0.171151098876032,0.020528168886715,0.343558863527769,0.0342952729771522,0.0194352789857228,0.00474204093998301,0.0170666084404714,0.0166751665917966,0.0424388368090906,0.0435089009799061,0.00799654285047523,0.278603220134886
Indolepyruvate,0.162177048302246,0.026713203652896,0.315406631263665,0.0415040537328141,0.0256557305606332,0.00697174703670161,0.0233705363050613,0.0230055043678568,0.0498268207865013,0.0508432179187235,0.0113780598671742,0.263147446205727
p-Octopamine,0.11962660317647,0.0454942144900185,0.225691768632313,0.0713481589049834,0.0439729045347827,0.0111763809670474,0.0404406509363287,0.0398748552809857,0.0855617530052653,0.0896712906266155,0.0192253500364892,0.2079160694087
Histamine,0.143279782015778,0.0359870664150166,0.247528712552687,0.0621799580186152,0.0338092936683557,0.0090425624528446,0.0291238889639369,0.0283418266896706,0.077027049051327,0.0785899166272162,0.0144869114501553,0.240603032094397
"1,1-Dimethylbiguanide",0.110473738649567,0.0517898764131968,0.201562263675099,0.0787682474318175,0.0504909733122333,0.0120026815298524,0.0473896454296313,0.0469277644850401,0.0938885213199657,0.099475597660058,0.020837582152602,0.186393107940937
Retinol,0.114342584346689,0.0485521989454635,0.217108881041418,0.0747264284088754,0.0468911268622425,0.0100456429963273,0.0426865268402508,0.0419690822288051,0.0895689012800761,0.0949572525096924,0.0157829851543497,0.20336838938581
D-Phenyllactic acid,0.121514366998654,0.0347011569488676,0.281979244843977,0.0543515931675123,0.0334922064521963,0.0079400553532341,0.0308263569014764,0.0304107209513167,0.0657082794741986,0.0676079838660601,0.01324251452924,0.258225520513267
4-Oxoglutaramate,0.236458031975743,0.0254143612265907,0.278470429623048,0.0405973774889823,0.0241521474126413,0.00738938750679285,0.0214617393303072,0.0210186285949719,0.048672031806154,0.0493738467960199,0.0128001806287948,0.234191837609954
1-Pyrroline-2-carboxylic acid,0.117120595685423,0.0623041522477668,0.170557080436575,0.0792367566591204,0.0614822701683269,0.0190909257823451,0.0596645820759431,0.0594316509209946,0.0871067286405023,0.0878521298782989,0.026254578123415,0.16989854938129
"3,4-Dihydroxymandelic acid",0.127955564417263,0.0399369009164892,0.254063651441114,0.060517201035733,0.0385767729826398,0.00966231688777447,0.0354349408099743,0.0349203343389296,0.0716213533906165,0.0736430995478062,0.0152271129522813,0.238440751279379
Pantothenol,0.179914237992033,0.0466884252100736,0.200516654434849,0.0684851282632832,0.0445176588630015,0.0109752037170271,0.0395541946574789,0.0386961021906428,0.0793302831005123,0.0807327080621209,0.0176878591644468,0.192901544344531
Gentamicin C1a,0.192796793048453,0.0381906607316827,0.246098287355819,0.0531552697634823,0.0370627253865101,0.0124513498292607,0.0344287679892447,0.0339917782303148,0.0609124506298965,0.0623605132434908,0.016538527352661,0.212012876439185
Taurine,0.205946786957465,0.0288924119627704,0.28883940207758,0.0431742404304684,0.0278630192973383,0.00776089784943974,0.0255700565581519,0.0252013751412041,0.0510226401978529,0.0525049658195101,0.012666002837308,0.230558200870912
Dimethyl sulfone,0.207536928350274,0.0292821929208692,0.276117739909529,0.0456798785657129,0.0279514527969131,0.00881925333886948,0.0250290066570428,0.0245430571800831,0.054404688480292,0.0556307519061204,0.0139295896412893,0.231075460253005
Kynurenic acid,0.172782313320529,0.046804583459993,0.204504180280701,0.0648188478111426,0.0454195919378269,0.019051274556582,0.0424078708631954,0.0419266799709743,0.0732840506384751,0.0741941760415521,0.0267819020425981,0.188024529076431
Salicylic acid,0.139835632906552,0.0302687056078021,0.286725355657998,0.0470800848580299,0.029018067284226,0.00717876953730596,0.02640326808544,0.0259887249944341,0.0563065059960372,0.0563479588087489,0.012186949548369,0.282659976715057
L-Phenylalanine,0.128040889272872,0.044934627522787,0.234400376109167,0.0679068220150555,0.0435068676528817,0.0105326810834554,0.0399276120551845,0.0393261866612092,0.0808857965326694,0.0856023685598822,0.0160138897903164,0.20892188274452
Glucosamine 6-phosphate,0.149096375476169,0.0525063142064075,0.202590965214473,0.0690194523720502,0.0514225318323657,0.0141953662316632,0.0485813940942432,0.0481019474854769,0.0776801061564997,0.0800744723993567,0.0189813277089098,0.187749746822385
2-Aminophenol,0.082026951781187,0.0695360970500448,0.132956351288999,0.102477056871575,0.0681114199884373,0.0137440570115502,0.064067102231625,0.0634179537584441,0.119957389834965,0.129958289688143,0.0240409443043142,0.129706386190716
D-Octopine,0.153829581494635,0.0411944330061423,0.244117098389116,0.0577819608819379,0.0399813555000607,0.00960386819024705,0.0371669451247967,0.036706274608534,0.0666749567144531,0.0677902675225569,0.0144327382550601,0.230720520312461
L-Glutamic acid,0.0348840359004919,0.103202407820246,0.0435609103267998,0.130593798908007,0.0968948564383586,0.0222997167650934,0.0819796661943579,0.0791915574049907,0.126037430567301,0.125477903047735,0.10982508503138,0.0460526315952396
Taurocholic acid,0.063675562935238,0.103813142427822,0.0694854876701017,0.12451292654166,0.0962971401887732,0.0221427450293599,0.0796491704505306,0.0766229060717567,0.124225099601305,0.120095629925496,0.0453841725463267,0.0740960166116299
Cortexolone,0.0647492265932567,0.0996432043797257,0.0700537927409812,0.10627965026063,0.0935739677692168,0.0589761120466768,0.0809290347842668,0.0784961106634078,0.10256488868416,0.0946722697495592,0.0734432735275504,0.0766184688005688
Stearidonic acid,0.0705669169876838,0.100797350177791,0.0726475468120512,0.115341953116136,0.0932068477417681,0.0313151632778401,0.0780191757835692,0.0752741388329257,0.112914039854658,0.104070915316543,0.0663994205856098,0.0794465315134247
Mesaconate,0.0466696172692482,0.104867406833137,0.0546752724425126,0.110370072601791,0.0987910113569,0.0752573730874561,0.0847800123565812,0.0819952478484486,0.1046769768682,0.0990298474565695,0.0801759127923443,0.0587112490868112
Norepinephrine,0.0451759829648729,0.115461143490785,0.0497845303265495,0.088977850827232,0.116153818636119,0.0728877384297806,0.115687548725039,0.114886682860978,0.081806480471923,0.0793582076357412,0.0674376391412618,0.0523823764897171
Ketoleucine,0.0427231921707003,0.117686954627392,0.0488309488442365,0.0980539992567141,0.118375249985342,0.0466330419962005,0.115766621492315,0.114537038258063,0.0915268095272597,0.0922693609947996,0.0631370962469436,0.0504596866000334
Alpha-dimorphecolic acid,0.0437880866350563,0.108040565132913,0.0475888049055068,0.0870004841808921,0.108442117269955,0.0745560159570044,0.107808848192051,0.107150409610805,0.0803620412788159,0.0785604211867503,0.107026710367707,0.0496754952825428
trans-Cinnamate,0.0423932019188671,0.116656219719878,0.048510534799343,0.0973430846875246,0.117419231466134,0.050646300728746,0.114975124973846,0.113778614934224,0.0908500320773722,0.0917159804256219,0.0656377438668366,0.0500739304016063
Alpha-D-Glucose,0.0432265297793932,0.125703007497415,0.0496957960317516,0.0999228745932521,0.125751684853814,0.0324427281254631,0.121469420292812,0.119765776431449,0.0921596805227754,0.0907008478321179,0.0468458356835005,0.0523158183562561
2-Keto-6-acetamidocaproate,0.0404034497332168,0.097316781495031,0.0446990317535626,0.082579839310577,0.0949569180073539,0.175132983654289,0.0883821036955557,0.0866638837654278,0.0759711122626199,0.0721996008431751,0.0940862191856472,0.0476080762935437
Picolinic acid,0.037281748069259,0.0813784847796504,0.0408769469452387,0.0747859410708464,0.0788756590731548,0.190682835317765,0.0727942406184946,0.0713800043139172,0.0697419091655399,0.066391486826366,0.172477704692678,0.0433330391270893
D-Xylose,0.038539061315115,0.104186122464844,0.0469556619898062,0.0855770999057183,0.10591973760106,0.133851670265,0.108500715579202,0.108490042016133,0.0795594863896155,0.0778339663872057,0.0611665698673984,0.049419866218902
Dodecanoic acid,0.0428988379775665,0.103994879631857,0.0491040899521829,0.0884426704114456,0.10516849703253,0.106064658502647,0.105342177108581,0.104865277364766,0.0832680564293757,0.0836691848088853,0.0766675453851451,0.050514125395017
Ciliatine,0.0322791476912413,0.0751017138019636,0.0362059716994551,0.0618604045677526,0.0761395536814269,0.334998600131685,0.07749677791232,0.07742794579899,0.0577917476637424,0.0571820494102555,0.0760716897449554,0.0374443978962119
Maleic acid homopolymer,0.0393165502822266,0.109835726368836,0.0470887882563499,0.0961908382071681,0.107277876514413,0.110079445235941,0.0994543743571151,0.0974097860598537,0.0886590211640782,0.0845796561090148,0.0697383627786519,0.0503695746663505
7-Dehydrodesmosterol,0.0263595610671417,0.0610195962405612,0.0295269133206012,0.0495552968970441,0.062189276928304,0.452790138604436,0.0643908475152248,0.0645856310669198,0.046233751333217,0.0456799781815959,0.0671301968294185,0.0305388120155357
2-Hydroxy-3-oxoadipate,0.0384951953559698,0.0880135529829689,0.0434373920968337,0.0740557222131407,0.0889173793771028,0.227390478643675,0.0894472227376731,0.0891479656453943,0.0695246520569934,0.0690231352773124,0.0776806126166532,0.0448666909962831
L-Malic acid,0.0333726275966792,0.0728842445494377,0.0363951756787722,0.0651942696711239,0.0712215882938932,0.260388383912869,0.0669534834124963,0.0658792700067103,0.0606854337174226,0.0580804973559478,0.17052366862257,0.0384213571820776
L-Tryptophan,0.0325294899617081,0.073295577896679,0.0358268869057134,0.0593658081558488,0.0741741471864654,0.351352533902715,0.0754347997778105,0.0753533575710925,0.0552466976819304,0.0541541696782799,0.0760301899596344,0.0372363413221229
D-Mannose,0.0220024076315458,0.058962900692636,0.0250043783110324,0.0486359453016825,0.0585694126421014,0.477499761145611,0.0567997450759821,0.0561422409069825,0.0445674579571595,0.0429717130605946,0.0824673180690078,0.0263767192056645
L-Histidine,0.014313010444268,0.0333289100803815,0.0159921246279109,0.0271496274936757,0.0338802951728009,0.692934213035854,0.0349654313708325,0.0350551661090543,0.0252723465245167,0.0248428041327634,0.0456773834027447,0.0165886876051971
Dehydroepiandrosterone,0.00768586297487723,0.0197666063775332,0.00870697342196247,0.016147716689906,0.0198631224122425,0.818246786623279,0.0198991841778528,0.0198133764251114,0.0148757722289948,0.0144401144944848,0.0314242555121589,0.00913022866159672
5-Aminopentanoic acid,0.00654015439791992,0.0155841546886591,0.00732255269691903,0.0128810611690688,0.0157238844018834,0.852858567513683,0.015920131106166,0.0158948813833389,0.0119584655521762,0.0116977830111347,0.0259925945507913,0.0076257695282594
Hepoxilin B3,0.00695162316956458,0.0173830283824164,0.00789185449930208,0.0139610603701566,0.0176829604178906,0.841947894422367,0.0183053908588747,0.0183598066740628,0.01291726687102,0.0126303798265115,0.0237382438675731,0.00823049064026028
Sphingosine 1-phosphate,0.00243164201483341,0.00628404005296391,0.00276321559255937,0.00503003816649114,0.00637111387259905,0.943645580770653,0.0065194632330007,0.00651939529673024,0.00463754424719384,0.00452874681155471,0.00838256937408115,0.00288665056733908
Phospho-anandamide,0.00252263035250018,0.00625412092804858,0.00284760362986606,0.00504115944565125,0.00634786572856056,0.942932709374228,0.00652399674048126,0.00653240200564167,0.00466431685893856,0.00456327605588322,0.0088020236609574,0.00296789521924337
Prostaglandin A2,0.0325084880842039,0.0664632529339614,0.035917374287661,0.060403103232248,0.0657490701179532,0.269923758231592,0.0638708812348229,0.063322636903182,0.0568660756424362,0.0550162599563961,0.192349205850535,0.0376098935250088
Geranylgeranyl-PP,0.0222383725278647,0.050388317292615,0.0247223528785556,0.0411898926536426,0.0512266795225845,0.538407398419088,0.0528342746527293,0.0529645244864005,0.0384352485550521,0.0378594299946554,0.0641375833228186,0.025595925693994
Glyceric acid,0.0105294334608037,0.024653146771226,0.0117259592718765,0.0206130150922914,0.0247780754988971,0.762705575202377,0.0248606891145927,0.0247776587631593,0.0191570395624947,0.0187065131634673,0.0452734759424296,0.0122194181563852
"14,15-DiHETrE",0.0174917882464426,0.044867615356643,0.0200290353911131,0.0369677524151448,0.0451823768570809,0.586697469437359,0.0455938507747438,0.0454829256851801,0.0341462632113521,0.0331665957597288,0.0693697080565032,0.0210046188087086
13S-hydroxyoctadecadienoic acid,0.0389345771791726,0.0984461326466071,0.0453164181453463,0.0858148742941516,0.0977719787730704,0.157524021341938,0.0944008323058111,0.0932862272762816,0.0801396315402628,0.078305284605058,0.0825565895784418,0.047503432313859
"12,13-DHOME",0.00711118015856681,0.0168690512972864,0.00798808676709614,0.0139077667834503,0.0170613605011072,0.839601959187941,0.0174256278616168,0.0174348599109346,0.0129182542824754,0.0126211365780977,0.0287363798104991,0.00832433686092896
"4,5-Dihydroorotic acid",0.0405940728056897,0.111542779192632,0.0465522861870858,0.0913478377155458,0.113597109839507,0.0665976036116107,0.115405979996112,0.115154849912053,0.0851706959677724,0.086022866787947,0.0801137505583302,0.0479001674257136
Phosphorylcholine,0.0414317069570635,0.106339540724555,0.0474464395912386,0.0886437198547588,0.108040576459668,0.0926340647213674,0.109373163023585,0.109093710714665,0.0830516485707069,0.0836896719004929,0.0814805467603738,0.0487752107215244
Stachyose,0.0454679336466661,0.108088909317117,0.0496674210482838,0.0863409986419625,0.109624050545429,0.0779967428657557,0.111679856263518,0.111576243738873,0.0802546460061145,0.0792038626604795,0.0885927202532407,0.0515066150125596
Phenylethylamine,0.0447024347501606,0.109490739416431,0.0489048633361502,0.0867771695436986,0.110883279359485,0.0768477540544328,0.112396589102662,0.112135614589598,0.0803959652663776,0.0791879441108763,0.0874588584516917,0.0508187880184364
Prostaglandin B2,0.0450009986874161,0.105734489458205,0.0488495665885531,0.0853095092895308,0.106765379234692,0.0823291211215229,0.107873717157439,0.107616114328585,0.0792192761632401,0.0778190798238474,0.102711761768925,0.0507709863780427
Imidazol-5-yl-pyruvate,0.0598712226472388,0.0998937994722732,0.0683378372448353,0.0979875819989578,0.0996554545118528,0.0340639294469612,0.0999346437935793,0.100026987350757,0.095859101531506,0.0934293720615349,0.0793666732270584,0.0715733967134452
"(3S,5S)-3,5-Diaminohexanoate",0.0337652502149237,0.111090326219854,0.0429822806438625,0.08112966405797,0.121044404306049,0.0467123329117628,0.153681234243678,0.162170559283559,0.0753208736913282,0.0760248345596849,0.0515376880778763,0.0445405517894514
Glycocholic acid,0.0405456439879273,0.112033255093885,0.0493468080487961,0.094926585054006,0.11517414640934,0.0612498547093216,0.119068331115935,0.119258122391077,0.0897880965367812,0.09225136620346,0.0558015137522061,0.0505562766972653
Hydroquinone,0.0432550486870538,0.105101610545475,0.0505368028538675,0.0867299344476019,0.109045882409452,0.0732647374089219,0.11747596547856,0.118915390156233,0.0817906461591034,0.0831234815816017,0.0791088419819454,0.051651658290184
Methyl jasmonate,0.0431163917446829,0.109332343164755,0.0521940917722886,0.0917066453783959,0.114502990694932,0.0470967983561672,0.125894364605738,0.128084923489613,0.0876267226109089,0.090877705273508,0.0566226746691937,0.0529443482398166
Ureidopropionic acid,0.0420706857767562,0.107491155666595,0.0524061168043354,0.0883008748263812,0.11415632922013,0.0479706106117717,0.131626622444388,0.135516461358915,0.084047694878915,0.0867038013574903,0.0563306935012691,0.0533789535530529
3-Dehydroshikimate,0.0487519373567412,0.102578494036035,0.0628591788070842,0.0879812566219803,0.108623892296768,0.0483221385183985,0.126300016937861,0.130604820540185,0.0852952605170816,0.0867841229174634,0.04760094475149,0.0642979366989116
4-Pyridoxic acid,0.047853443336445,0.102913572998009,0.059668293901241,0.0886809510087055,0.107824070120337,0.062351498374643,0.120118670303264,0.122736077376422,0.0854554413064068,0.0873414642915355,0.0542501205664591,0.060806396416532
Phosphonoacetate,0.044573300121853,0.102646026059933,0.0514412138828744,0.085872761274031,0.106001353680171,0.0813337559987552,0.113022387078227,0.114179763789342,0.0811993770132802,0.0822929146210125,0.0848929752958206,0.0525441711846994
Choline,0.0461137210477174,0.106251378693754,0.0545472075688434,0.0937097628994207,0.108463826039676,0.0673420805996525,0.110826278528487,0.110847963092018,0.0894967262854162,0.0917021054188034,0.0650771106062375,0.055621839219974
Aminoadipic acid,0.0516188711495359,0.098473469936482,0.0750411059452585,0.0986932374791107,0.103330718032299,0.0224859287265216,0.116270028897765,0.119507375450343,0.100470292663008,0.10549340655478,0.0323466575141426,0.0762689076507524
Hippuric acid,0.0406643091026763,0.10135555970561,0.0475773505473246,0.0795963634617795,0.107085936519271,0.0800119458180316,0.123918391897921,0.127798802554351,0.0747289769591069,0.0751937953797888,0.0933099117740522,0.0487586562800877
Antibiotic JI-20A,0.0362084586646549,0.108972350904047,0.0455153205405246,0.0819936708107018,0.118857614957897,0.0425995260916899,0.150548051029923,0.158868697232123,0.0769264774182347,0.0789818045235264,0.0539405923902277,0.0465874354364504
Acetylphosphate,0.0419943207849899,0.10738335392336,0.0498050041908918,0.087693269724448,0.112044279437768,0.0643387807290876,0.122281949458516,0.12411463740422,0.0825912535886537,0.0843113722882411,0.0725452325557732,0.050896545914051
Phenylpyruvic acid,0.0518377627177291,0.102984842297397,0.0658927255996429,0.0900376211256681,0.1085894309694,0.0400350451199689,0.12370087796789,0.127224419399976,0.0878780464024428,0.0903625130987345,0.044583077991153,0.0668736373099973
13-L-Hydroperoxylinoleic acid,0.0389415407681662,0.105101621250446,0.0468593790457001,0.0793050832244003,0.112903510974573,0.070708997177741,0.136901797231439,0.142775144934169,0.0742182253696206,0.0751304932487825,0.0691423012385199,0.0480119055364434
"(R) 2,3-Dihydroxy-3-methylvalerate",0.0365568132321943,0.105667586494536,0.0447133411286462,0.0792119439722932,0.114024259178408,0.0664425625676625,0.140515724704056,0.147187069091174,0.0738807280065055,0.07477510803338,0.071088234365855,0.0459366292252899
2-Oxoarginine,0.0394507883352853,0.105836726879384,0.0517985389783173,0.088192851186842,0.113987810353205,0.0373006570351666,0.139513243554803,0.146213293631098,0.084500193614739,0.0870881647567788,0.0531044819025002,0.0530132497718808
L-Tyrosine,0.0443166895734873,0.107898903782661,0.0485081967171399,0.0853745538824085,0.109568501051715,0.0742948679273491,0.112514472121131,0.112632129588983,0.0790788784606042,0.0776166932913984,0.0977094712887621,0.0504866423143604
Thymidine,0.0439707128617112,0.105572046191889,0.0504126608978754,0.0814324826940213,0.11085020377226,0.070752392563804,0.126051862271106,0.129373516125931,0.0762351396190083,0.0758414239114805,0.0775005612697968,0.0520069978211168
17a-Estradiol,0.0348884419072724,0.109376835308567,0.0427710664628983,0.0790384175921374,0.118391943642771,0.0581708741724669,0.14746274930194,0.154776779916666,0.0730834029040599,0.0734018414498746,0.0643955062818207,0.0442421410595263
L-Lactic acid,0.0321757692927493,0.113741474724595,0.0409761419419593,0.0815288298622561,0.124960265216521,0.0336341366281658,0.161573595475252,0.171232929442425,0.0755912085380515,0.0771545668462405,0.0451070768037062,0.0423240052280783
4-Hydroxycinnamic acid,0.0442693444089521,0.110645286018094,0.0524245110150072,0.0884738490409488,0.11613464685122,0.0454887806091918,0.130281577961404,0.133245380184697,0.0838016744936261,0.0849213425766559,0.0565804109555452,0.0537331958846577
1-Naphthylamine,0.0330673086679166,0.111361801512337,0.0416461914394869,0.0802059164996661,0.12211562250213,0.039868029262167,0.157989164968152,0.167579358514094,0.0743261490935589,0.0755623341758937,0.0532980250911739,0.0429800982734232
12-Keto-leukotriene B4,0.0357304811228333,0.110285503821452,0.0445789668728361,0.080880033365001,0.12048103347352,0.0441479130014357,0.152965673137518,0.161379967580697,0.0755505666990714,0.0773599007512748,0.0509486970171813,0.0456912631571787
L-2-Hydroxyglutaric acid,0.0469744642092869,0.10558691193968,0.0615265770469136,0.0974395380699651,0.111145092491356,0.0261483055161516,0.124436418706352,0.12746449020472,0.0966770432331528,0.102659892405985,0.0380249176346886,0.0619163485417488
Lipoxin A4,0.0445671372290929,0.105582262247615,0.0571238775585626,0.0897315966056271,0.113039100985276,0.0349215280986385,0.134071611538888,0.139263035552222,0.0870954273490806,0.0912456260970276,0.0457306580901674,0.0576281386478016
N-Formyl-L-methionine,0.03810462063871,0.107996339767741,0.0476165233837442,0.0839331028983823,0.116937376231104,0.0442164520373875,0.14421886258256,0.151142629502108,0.0793231078881306,0.0819253108906352,0.0560947278821579,0.0484909462973397
D-Glutamine,0.0532735653474152,0.0994128797525874,0.069375255990531,0.0996906887760036,0.103053070705429,0.0295351425616156,0.110817444879359,0.11254676788719,0.100676935143126,0.107507722693444,0.0450302425205043,0.0690802837427949
N-Acetylserotonin,0.0912581292273038,0.0783673484440149,0.101325490262669,0.115692389017763,0.0721669954894884,0.0198689839897369,0.0603398223092344,0.0583493123864134,0.123699087590172,0.113575991789202,0.0516124114183252,0.113744038075677
Pipecolic acid,0.0844819700206638,0.0817918410308923,0.0874809124198783,0.126151603616983,0.0737224867490123,0.021227594263014,0.0586760342020264,0.0562111201049771,0.13424288819267,0.123040809691444,0.0561921342463509,0.0967806054620873
Sphinganine,0.0752557389367381,0.0843419120362804,0.083621221301325,0.132163937180367,0.0763615568924059,0.0181361824118282,0.0608438667240559,0.0582827476687225,0.143277513279907,0.135644505505814,0.0413091988933368,0.0907616191692199
pantothenic acid,0.0507611294864875,0.0871519173172669,0.0632549546446357,0.139938680352614,0.079867464382985,0.0215677002815353,0.0648570034076228,0.062316730183837,0.148872982063512,0.146375633316748,0.0677742630593126,0.0672615415034443
Succinic acid semialdehyde,0.0903087804757966,0.0861723345362928,0.0897526233109528,0.116867996971207,0.0792068901033433,0.0247951480622376,0.0651446479043096,0.0627200950768293,0.122105001650431,0.115909507566445,0.0507693004509035,0.0962476738912509
N-Acetylneuraminate,0.0782786034315621,0.0688726264224676,0.101284565731602,0.128856439596049,0.0630090922804907,0.0116878856022907,0.0515646940009712,0.0497141377120557,0.154166879540442,0.149110549995806,0.0325475389686123,0.110906986717652
4-Hydroxycinnamoylagmatine,0.0799340445444715,0.0839200578699403,0.0858430534611005,0.113730209718615,0.0772278550185382,0.0410256540420084,0.0640362989930061,0.061747231777598,0.117048411543985,0.108608659173265,0.0731276858703709,0.0937508379871002
N6-Acetyl-N6-hydroxy-L-lysine,0.0610078106782788,0.092164896697902,0.0693677316725863,0.126373464049605,0.0845842655078814,0.026006479693432,0.0694461085083274,0.0668256254992755,0.127691715428402,0.119535068777912,0.0816218914817035,0.075374942004694
cis-Aconitic acid,0.0972520807560229,0.0853664923914326,0.100054581010984,0.115603121808414,0.0779752792027593,0.0206488323222731,0.0633122625641883,0.0607987110808998,0.120965204812426,0.11198724196044,0.0343057476918132,0.111730444398347
